January: -2,-5,-3,-18,-3,-10,-17,-1,-13,-7,-20,-13,-19,-19,-15,-16,-10,-9,-3,0,-11,-7,-12,-2,-9,-15,-15,-3,-10,0,-20,
February: 1,2,0,-10,5,-2,-1,1,-6,4,5,-6,0,2,2,-3,-10,1,0,-10,0,-7,-10,-10,2,-10,4,4,
March: -4,1,6,2,8,-1,5,-2,3,7,9,-3,2,7,-2,-1,2,2,2,-1,4,-1,-1,4,6,0,-4,-3,-1,5,-1,
April: 0,2,0,5,4,8,10,4,0,4,8,10,10,8,8,3,10,3,6,6,10,6,5,7,9,9,10,2,6,6,
May: 8,14,14,8,8,6,15,11,9,9,10,11,11,14,14,9,15,12,10,13,10,5,11,10,6,9,9,7,6,13,11,
June: 11,14,18,12,20,19,12,14,20,11,19,15,12,11,14,16,19,13,16,20,11,14,12,12,13,12,19,12,17,18,
Jule: 23,22,26,17,19,30,24,19,27,24,22,23,27,25,16,20,22,21,24,21,11,29,29,16,18,10,13,18,30,28,21,
August: 25,12,15,23,12,23,13,24,19,24,17,18,20,12,11,20,19,25,10,16,22,13,24,15,16,12,24,22,21,18,18,
September: 13,12,12,18,14,17,10,16,11,13,10,11,11,10,18,13,16,11,12,20,13,10,19,20,19,13,11,19,13,12,
October: 7,7,6,9,9,9,7,8,6,8,9,6,6,6,8,7,9,9,9,5,7,9,5,6,7,8,9,10,6,8,7,
December: -6,-6,-6,-2,-5,-8,-2,-6,-5,-5,-6,0,-7,0,-5,-6,-6,-1,-8,-5,-9,-10,-1,0,-2,-9,-1,-7,-8,-10,
